64

-56.350000	76.160000	-47.480000	-39.610000	95.460000	-92.740000	6.990000	-62.760000	-35.680000	36.510000	3.660000	-54.030000	-73.780000	13.730000	-44.470000	-41.110000	-25.750000	64.670000	30.090000	22.210000	-55.670000	-76.020000	76.650000	50.050000	71.620000	-85.380000	-23.970000	28.590000	-8.090000	-44.010000	-45.850000	-42.300000	47.400000	56.880000	80.470000	36.430000	-540.961875	22.120000	-64.710000	-55.060000	-32.140000	-58.690000	-52.700000	-73.770000	-75.510000	-58.580000	30.680000	41.450000	-21.430000	-78.720000	-73.950000	-59.150000	-86.380000	-35.040000	-28.100000	-83.550000	47.250000	41.800000	-11.490000	-30.650000	94.180000	-47.400000	1.250000	-78.630000	
-69.350000	0.820000	-58.380000	-24.900000	-23.250000	26.770000	1.850000	27.180000	-60.310000	78.800000	27.790000	85.070000	-85.110000	34.010000	1.330000	-95.000000	53.570000	50.940000	57.980000	85.390000	48.330000	90.480000	13.150000	-16.840000	80.160000	58.970000	-25.530000	53.160000	-93.330000	550.024063	-37.880000	-41.040000	-91.910000	-77.210000	-76.240000	11.950000	-79.170000	-39.690000	-49.170000	-50.320000	-4.540000	-6.430000	29.920000	-90.820000	57.280000	92.500000	59.210000	-37.600000	17.960000	83.790000	16.530000	40.300000	89.700000	-67.200000	-48.180000	60.860000	-30.340000	-7.900000	-31.170000	84.330000	-87.480000	-30.590000	80.950000	92.090000	
40.200000	-60.570000	-7.310000	5.070000	38.460000	-63.880000	6.300000	-9.300000	23.570000	70.610000	78.800000	30.170000	67.920000	-18.120000	-48.480000	-81.890000	-80.570000	-12.890000	1.210000	-77.580000	11.120000	-70.210000	80.350000	89.450000	78.160000	-88.630000	-76.550000	-57.670000	-476.381250	-48.090000	-52.550000	-39.250000	89.200000	10.800000	-3.420000	46.600000	70.680000	-2.150000	-54.210000	0.240000	44.670000	-72.660000	-16.230000	-0.830000	-38.510000	-55.560000	-27.690000	77.640000	-11.800000	-69.800000	44.300000	-95.410000	64.360000	-10.130000	-82.220000	-72.240000	-29.060000	1.960000	7.660000	-32.010000	-3.390000	57.260000	-66.270000	-77.370000	
34.640000	47.160000	72.160000	-64.790000	48.000000	-42.970000	-61.040000	31.030000	-66.480000	-70.400000	9.570000	40.270000	-14.310000	-16.390000	-71.860000	52.540000	-21.250000	-25.900000	14.750000	40.370000	-54.410000	-4.400000	-98.910000	-88.860000	-24.960000	-47.940000	-98.440000	-61.470000	-29.610000	85.560000	7.280000	-78.220000	42.540000	24.190000	-84.760000	532.186563	13.770000	19.060000	-65.880000	-94.980000	-77.200000	91.730000	-73.600000	-78.100000	23.310000	66.790000	-96.650000	13.200000	-61.820000	-44.260000	-25.130000	82.890000	-7.900000	-31.590000	49.910000	94.980000	-47.580000	-66.970000	-96.370000	-70.020000	-31.230000	61.730000	55.060000	72.080000	
-12.340000	-96.610000	-91.890000	-32.740000	73.010000	99.600000	-94.450000	9.740000	57.000000	-69.780000	-96.040000	11.900000	63.900000	76.660000	-98.750000	-36.800000	-96.830000	57.590000	6.080000	-42.660000	77.100000	10.290000	-97.140000	-586.614375	-33.320000	-78.340000	26.620000	-43.500000	96.740000	-88.930000	28.750000	9.800000	-52.560000	85.950000	-59.190000	-9.450000	-46.180000	83.420000	-53.590000	34.570000	-80.600000	83.270000	-32.550000	49.720000	80.320000	37.200000	5.740000	-79.140000	-58.440000	11.020000	-41.290000	65.490000	0.210000	-35.950000	-59.480000	68.050000	-53.840000	87.890000	-24.690000	-47.210000	-61.020000	72.590000	-3.730000	-70.720000	
10.490000	56.610000	69.010000	-20.720000	96.780000	89.160000	-70.930000	14.340000	24.960000	70.620000	-50.110000	-59.060000	-93.120000	61.570000	-62.540000	86.480000	89.810000	79.580000	-22.990000	-73.780000	-49.240000	98.580000	25.980000	-56.990000	73.640000	-95.270000	41.070000	64.000000	92.940000	52.540000	18.530000	-558.166250	-3.200000	55.200000	-75.030000	-96.610000	-91.880000	-71.110000	-91.310000	-65.850000	11.710000	-1.650000	-19.420000	14.040000	-40.150000	-54.190000	-74.840000	2.820000	-29.880000	50.970000	-29.690000	25.610000	58.680000	74.840000	46.840000	-42.130000	-83.760000	32.390000	-50.350000	41.430000	95.510000	-10.420000	-18.560000	-84.170000	
-8.590000	-78.010000	45.490000	-65.080000	69.920000	-34.470000	-50.990000	-1.620000	92.280000	-72.330000	34.010000	48.940000	-54.010000	51.060000	-31.030000	44.040000	-73.460000	-72.230000	12.450000	-98.610000	-31.410000	-66.910000	50.310000	93.920000	10.710000	98.430000	-59.890000	-48.840000	78.140000	6.840000	-43.880000	-77.580000	61.960000	-91.890000	-65.330000	36.040000	53.470000	88.480000	24.830000	-53.990000	-42.290000	-29.380000	18.690000	-64.530000	-28.420000	527.772812	-56.890000	-26.860000	-41.870000	99.360000	-95.760000	78.420000	-27.440000	0.300000	93.130000	-52.090000	85.610000	-23.490000	-89.920000	26.010000	-9.980000	39.590000	99.720000	40.700000	
60.260000	-31.600000	-73.920000	26.160000	-506.835312	-30.190000	29.430000	-19.890000	66.020000	43.010000	19.940000	83.380000	-52.390000	44.340000	55.940000	2.260000	78.700000	64.640000	-98.060000	-87.570000	1.970000	-8.600000	-50.950000	-86.740000	-8.830000	-18.260000	69.350000	-9.600000	-13.860000	68.040000	-72.690000	89.970000	11.120000	23.890000	22.760000	-90.080000	37.420000	88.010000	-40.210000	-45.460000	-68.080000	86.550000	-5.770000	53.320000	75.340000	-29.030000	-42.140000	18.600000	-50.420000	-47.500000	44.050000	-88.800000	80.400000	-94.870000	-97.930000	-9.570000	96.220000	52.370000	-72.320000	-31.260000	65.740000	55.200000	-96.790000	38.650000	
19.910000	-89.280000	-77.610000	-5.420000	57.610000	-0.420000	58.370000	-89.600000	-44.970000	91.460000	-78.120000	96.900000	65.300000	-25.700000	-21.310000	-1.020000	-31.430000	-4.000000	9.440000	14.610000	92.140000	-30.730000	-11.610000	69.620000	57.770000	94.510000	8.550000	-58.300000	-61.980000	59.810000	5.000000	-10.800000	-3.300000	38.450000	68.400000	-71.550000	3.460000	-35.060000	-69.510000	-84.980000	49.510000	56.450000	76.040000	19.730000	-96.650000	68.640000	34.270000	-9.720000	45.800000	40.920000	554.360625	70.420000	83.390000	84.350000	-56.800000	64.340000	-9.850000	65.830000	-72.290000	-53.880000	-78.830000	79.320000	25.710000	97.030000	
69.640000	98.430000	78.550000	-48.240000	9.040000	-29.850000	25.040000	-29.470000	-54.360000	29.040000	-39.940000	23.690000	-38.130000	-54.860000	50.910000	2.340000	-62.750000	-8.040000	-522.641562	38.830000	92.990000	-68.530000	55.050000	34.260000	-78.790000	-47.550000	8.550000	-5.770000	-55.880000	-11.330000	-35.430000	-57.410000	-6.600000	-66.120000	-39.750000	-45.360000	-37.570000	3.350000	-62.850000	19.730000	-12.800000	-16.740000	-79.050000	-48.440000	-68.440000	89.730000	0.830000	-59.200000	67.790000	63.040000	29.810000	-10.340000	-87.470000	-3.310000	-65.360000	-91.420000	12.870000	92.010000	-58.610000	15.730000	-96.580000	93.750000	59.960000	-2.990000	
20.020000	31.110000	33.590000	0.540000	53.080000	-29.590000	33.670000	-66.310000	-42.870000	-98.330000	8.180000	98.700000	-8.240000	-60.850000	20.030000	3.450000	-34.790000	-20.680000	77.950000	64.170000	95.060000	-78.930000	-54.080000	29.920000	-13.210000	-93.730000	29.970000	-62.300000	43.330000	-67.880000	27.820000	20.230000	45.300000	11.730000	25.980000	73.040000	7.790000	-86.660000	68.950000	2.640000	64.720000	-31.090000	-66.320000	6.590000	-48.970000	68.770000	-67.080000	14.250000	-40.640000	89.870000	-71.810000	59.250000	-33.180000	-85.730000	-92.620000	7.720000	-18.990000	-34.920000	492.400938	81.370000	29.500000	-37.420000	76.860000	-56.700000	
26.680000	-9.070000	97.330000	-19.170000	-59.210000	72.710000	-59.010000	-31.990000	-9.930000	1.320000	628.914687	18.200000	92.990000	99.750000	31.210000	-30.380000	78.970000	33.910000	-74.710000	-79.410000	-53.080000	50.340000	61.340000	89.920000	78.620000	28.760000	-51.580000	-77.560000	-3.970000	0.500000	39.240000	-90.080000	36.410000	-85.110000	62.480000	21.590000	37.920000	31.260000	31.830000	79.420000	-93.630000	-99.100000	-91.660000	81.150000	88.060000	46.810000	-74.200000	-37.680000	2.280000	95.300000	-99.060000	78.830000	84.310000	25.510000	-46.500000	1.830000	-81.820000	66.760000	-8.220000	3.360000	34.710000	-94.120000	5.690000	-73.290000	
-539.869375	89.390000	-10.290000	-93.470000	83.510000	40.980000	-53.710000	-4.860000	92.900000	33.310000	82.700000	-78.320000	30.120000	9.560000	-99.420000	-96.160000	19.550000	16.790000	-30.590000	52.290000	9.430000	-23.340000	-37.100000	68.910000	66.070000	70.480000	17.060000	22.960000	-39.320000	46.590000	70.680000	33.640000	90.380000	43.930000	84.770000	36.120000	42.810000	-7.520000	-10.600000	44.020000	-62.160000	-80.070000	-95.370000	25.790000	-3.800000	13.390000	28.190000	90.030000	-57.070000	-49.690000	-37.230000	-3.700000	28.330000	-32.390000	41.120000	92.520000	-0.740000	64.360000	-80.690000	51.900000	-14.950000	-8.580000	-56.920000	70.710000	
-40.880000	-98.610000	-75.210000	40.840000	-5.700000	-38.560000	-6.260000	83.000000	-91.580000	15.900000	92.170000	-27.430000	-41.170000	0.430000	-10.820000	-33.580000	21.570000	56.270000	-98.140000	44.420000	39.280000	-3.670000	-42.870000	93.440000	92.880000	68.400000	-66.420000	-89.810000	-96.590000	90.610000	-20.820000	68.960000	79.200000	79.660000	-68.930000	71.010000	-24.000000	-20.400000	-47.790000	-540.115313	-47.670000	4.830000	-76.310000	-4.560000	-97.260000	-60.320000	-24.500000	-82.560000	53.580000	19.530000	82.600000	-9.740000	-19.300000	98.610000	-9.580000	90.430000	-29.400000	99.760000	-5.950000	-80.540000	99.610000	54.670000	-72.940000	-86.600000	
77.840000	-93.150000	48.960000	0.010000	87.340000	65.000000	23.460000	66.700000	22.210000	8.480000	-32.740000	3.120000	-3.800000	-57.790000	9.190000	-498.370000	67.580000	0.180000	56.330000	-3.300000	78.080000	67.830000	49.560000	-29.830000	-34.380000	-58.520000	-87.770000	-14.250000	29.400000	30.030000	44.840000	-47.940000	41.440000	-65.630000	-93.540000	-82.150000	54.480000	24.390000	61.720000	-64.360000	-56.310000	76.610000	32.000000	42.590000	90.530000	-72.610000	-18.680000	-79.510000	65.890000	11.950000	15.750000	47.580000	64.290000	6.990000	65.190000	75.760000	-57.490000	9.550000	68.820000	40.720000	39.630000	93.540000	79.940000	-37.730000	
96.310000	55.810000	33.250000	63.680000	-2.100000	41.350000	70.380000	-27.690000	14.720000	44.340000	-51.340000	79.960000	41.210000	-38.540000	64.730000	68.540000	-14.450000	55.680000	4.620000	71.780000	-44.960000	82.730000	-9.640000	84.960000	-66.630000	-47.880000	-97.320000	-54.360000	94.530000	-25.170000	-64.830000	-86.510000	-66.510000	-20.050000	19.740000	20.100000	-31.440000	40.390000	-42.750000	17.890000	0.160000	-10.710000	-75.270000	544.465313	-97.070000	56.190000	-70.940000	-36.120000	47.570000	93.630000	-88.420000	-69.560000	-76.780000	75.010000	-13.300000	77.890000	-13.670000	25.450000	50.830000	57.110000	-99.640000	-16.260000	93.630000	19.130000	
-47.520000	-19.930000	58.400000	-38.620000	-56.040000	56.280000	62.460000	19.020000	66.860000	20.600000	60.150000	-95.900000	-42.720000	2.520000	40.130000	-37.710000	59.680000	-95.190000	-22.690000	-8.410000	-25.310000	-76.210000	45.490000	34.820000	11.400000	-83.240000	47.860000	30.310000	60.850000	-60.630000	-90.230000	53.520000	8.580000	75.420000	-95.910000	-57.240000	27.660000	75.680000	35.170000	90.600000	-5.340000	-86.800000	83.320000	-95.550000	-5.050000	22.280000	-78.450000	53.570000	20.060000	-23.430000	-80.890000	-22.490000	38.310000	-77.210000	-64.530000	-30.120000	-29.250000	-76.290000	-24.500000	16.070000	538.961250	-22.140000	-98.030000	-73.630000	
-2.900000	3.780000	87.800000	91.590000	-72.640000	82.410000	13.440000	-57.840000	-21.700000	12.370000	55.930000	52.160000	65.540000	-7.160000	15.540000	-11.200000	12.680000	36.960000	68.160000	-28.450000	-3.820000	-11.790000	-67.430000	35.270000	-65.450000	85.980000	88.250000	93.650000	2.090000	22.630000	7.770000	-23.380000	35.980000	-0.750000	-22.570000	32.800000	87.940000	16.980000	2.790000	36.390000	-89.910000	62.970000	1.370000	-30.610000	4.860000	61.840000	62.100000	-10.310000	78.280000	-0.990000	53.640000	-35.930000	-99.410000	26.050000	98.820000	-3.930000	-34.000000	80.380000	-99.950000	-27.940000	-93.320000	-483.831562	64.220000	38.570000	
8.250000	-60.110000	19.950000	67.540000	48.150000	92.710000	-54.850000	-73.660000	43.850000	-54.510000	17.390000	-62.090000	-45.030000	-65.700000	43.950000	38.760000	-90.400000	-72.960000	61.180000	-71.330000	23.620000	-9.880000	40.850000	-62.160000	-70.150000	-90.750000	67.480000	-81.400000	-35.330000	-59.180000	34.970000	48.830000	7.850000	5.250000	47.480000	21.620000	99.870000	-71.960000	-86.450000	87.410000	-66.610000	93.240000	31.580000	55.950000	-9.730000	-45.100000	66.930000	-45.910000	-46.340000	6.460000	-45.750000	-99.750000	-47.780000	89.090000	1.190000	-545.105000	89.020000	-94.190000	-92.110000	76.170000	-59.280000	-9.190000	-96.210000	74.900000	
4.670000	-75.240000	21.410000	34.810000	89.830000	-9.830000	-8.060000	96.540000	83.260000	-63.150000	28.390000	-20.320000	-64.460000	16.110000	-4.930000	45.690000	-66.090000	-92.580000	75.880000	32.220000	37.520000	-94.570000	-60.050000	31.140000	-3.110000	-78.700000	70.580000	68.860000	14.140000	-18.890000	-46.620000	-27.560000	7.460000	501.569688	-82.300000	68.750000	-79.620000	87.900000	87.550000	1.510000	68.560000	81.480000	89.550000	-9.740000	-45.410000	17.610000	-9.420000	-68.760000	90.430000	75.770000	80.570000	-63.940000	-66.860000	69.810000	-14.840000	-12.240000	39.090000	-42.190000	54.880000	-26.450000	-80.710000	34.160000	-25.840000	-71.580000	
95.920000	-64.680000	-44.980000	53.680000	-67.110000	-5.050000	-4.150000	1.140000	79.540000	-43.410000	6.000000	15.860000	-67.990000	-45.260000	-93.120000	-39.620000	-26.790000	60.850000	-94.210000	96.340000	-16.630000	-96.950000	-81.530000	68.610000	-12.150000	-76.750000	40.590000	488.371562	16.090000	84.980000	-47.500000	-0.840000	23.180000	48.770000	6.680000	-18.550000	-80.600000	32.080000	65.220000	58.650000	-64.100000	-20.270000	-88.960000	4.840000	0.690000	-16.280000	-36.300000	-30.090000	-41.430000	33.770000	-63.070000	-35.540000	8.380000	0.960000	4.420000	-53.160000	59.810000	-21.780000	-49.900000	18.200000	94.970000	80.460000	-33.320000	29.700000	
32.460000	81.090000	-73.440000	-46.850000	-71.000000	49.060000	-23.390000	-73.850000	-84.510000	94.560000	88.430000	60.680000	-6.020000	26.140000	-65.310000	63.320000	-13.050000	4.840000	28.750000	-94.010000	87.670000	-77.120000	-31.160000	-55.280000	33.410000	-48.200000	73.620000	66.770000	-25.980000	77.970000	-97.320000	83.980000	70.040000	26.400000	30.370000	-51.780000	75.960000	-11.430000	53.980000	-68.370000	65.760000	59.640000	71.590000	0.640000	608.868125	7.590000	40.400000	80.060000	-65.080000	-22.190000	64.980000	-62.960000	37.280000	-56.030000	-73.330000	24.520000	28.080000	94.310000	18.480000	55.150000	-13.970000	-87.540000	-0.950000	-60.420000	
-57.650000	6.440000	62.050000	47.760000	88.310000	-95.850000	-63.010000	16.420000	94.940000	77.970000	70.690000	3.330000	57.910000	-73.390000	-43.590000	-44.820000	-55.700000	9.220000	-24.220000	82.440000	-73.140000	29.360000	-34.230000	-90.450000	-65.510000	-14.840000	36.760000	73.360000	32.730000	-15.180000	36.460000	-43.290000	55.140000	-66.620000	64.020000	-90.540000	-16.900000	-68.370000	-27.650000	65.130000	86.690000	74.910000	46.380000	-37.070000	33.240000	-90.420000	21.550000	5.810000	-73.510000	83.600000	41.180000	98.950000	-52.960000	38.750000	-93.220000	4.290000	-613.552500	-22.500000	-18.080000	-90.800000	-97.000000	-31.820000	-53.680000	36.370000	
61.800000	8.150000	52.540000	82.720000	-98.870000	-11.960000	-77.180000	11.560000	-69.060000	27.180000	-66.490000	-71.280000	21.400000	59.740000	52.100000	-6.280000	-66.670000	25.830000	-74.020000	34.320000	-78.760000	-21.790000	-4.910000	1.860000	96.850000	57.810000	28.400000	-17.370000	62.040000	-78.380000	38.250000	-34.500000	-86.070000	69.770000	-46.400000	70.930000	-38.120000	-69.560000	-567.619062	80.080000	-46.330000	26.660000	80.340000	-67.970000	-7.190000	86.900000	-8.340000	77.700000	-8.100000	-82.300000	-26.340000	-81.290000	36.340000	68.070000	36.100000	-81.470000	29.830000	-71.880000	81.690000	-1.450000	-89.280000	82.960000	12.880000	-86.450000	
49.320000	-36.760000	-75.260000	-71.450000	58.410000	-86.640000	72.580000	97.960000	-81.320000	75.910000	26.630000	-19.450000	-22.260000	-19.430000	45.030000	47.020000	-71.580000	-76.040000	37.580000	-5.020000	30.330000	-8.050000	460.897500	4.650000	-91.850000	-4.810000	17.560000	-10.040000	47.190000	60.820000	62.060000	0.630000	62.240000	-41.060000	13.960000	13.170000	94.760000	67.060000	9.700000	-69.040000	-36.500000	7.140000	-75.690000	24.110000	23.750000	-91.800000	46.390000	-8.130000	-24.520000	-50.770000	85.360000	91.600000	35.560000	-43.320000	22.570000	45.380000	79.280000	14.810000	42.290000	-90.660000	-61.360000	-23.330000	-48.320000	49.110000	
-70.210000	51.510000	-66.810000	2.930000	26.500000	-76.040000	24.740000	-6.340000	-28.260000	77.870000	-38.870000	-8.380000	88.880000	-60.650000	-4.230000	90.410000	33.090000	59.810000	-70.100000	-43.310000	-24.690000	31.960000	-45.840000	-55.300000	77.030000	-49.060000	0.370000	69.210000	47.490000	-85.630000	-72.790000	27.140000	-31.940000	97.920000	-52.000000	50.470000	69.760000	-94.330000	74.960000	66.920000	55.340000	14.960000	56.020000	-90.920000	3.730000	83.480000	-17.840000	-78.940000	-20.670000	-81.690000	36.150000	-8.020000	-47.940000	28.590000	84.900000	48.280000	-29.690000	93.340000	53.350000	9.030000	67.840000	12.890000	-584.590313	35.240000	
-0.830000	21.310000	-70.810000	98.820000	-97.430000	-66.020000	-26.320000	-13.540000	-61.470000	-36.020000	97.930000	51.050000	80.040000	-45.780000	81.410000	26.550000	-48.340000	30.420000	-46.540000	97.410000	46.800000	78.950000	36.230000	46.120000	54.790000	93.600000	55.310000	36.010000	24.900000	-28.590000	21.240000	71.200000	52.930000	57.360000	1.680000	27.630000	12.970000	22.170000	25.100000	15.550000	-93.250000	54.980000	85.580000	51.910000	-5.060000	97.620000	59.810000	33.960000	21.150000	-45.600000	2.610000	69.060000	74.500000	11.700000	30.550000	57.520000	-15.280000	-83.340000	-26.070000	492.593125	48.560000	76.670000	92.410000	-60.950000	
-60.420000	-8.470000	-6.180000	49.870000	91.650000	-30.490000	92.460000	-82.250000	17.690000	87.050000	-23.570000	83.030000	-16.070000	58.550000	27.500000	18.810000	88.510000	22.890000	67.280000	-73.110000	74.270000	-59.770000	-67.320000	-60.260000	34.110000	-36.710000	-31.870000	-82.600000	72.720000	-14.490000	69.650000	-87.390000	-74.460000	-12.090000	-28.040000	-19.140000	-17.190000	-33.250000	25.030000	21.140000	-86.950000	-16.400000	-54.790000	67.180000	-99.260000	35.800000	-56.130000	-29.000000	46.640000	61.980000	-73.110000	15.520000	16.620000	-533.848750	35.850000	-90.230000	-52.090000	-48.210000	83.230000	69.910000	-24.170000	62.490000	-76.410000	82.110000	
-33.200000	72.510000	6.510000	-38.240000	-54.780000	-93.600000	-10.480000	-45.790000	-42.010000	19.670000	87.770000	-82.890000	32.310000	-92.640000	-53.230000	82.570000	-38.680000	-17.850000	-34.090000	18.980000	-36.060000	47.610000	-22.080000	-28.370000	-14.920000	71.200000	57.380000	62.280000	37.670000	-46.510000	-81.450000	71.210000	35.800000	-19.950000	44.300000	54.420000	-25.580000	-87.330000	-99.960000	-67.460000	-73.780000	-76.170000	-61.820000	21.960000	-52.310000	-2.230000	569.710313	-3.200000	55.690000	10.600000	-86.200000	-30.130000	49.240000	-60.310000	-3.630000	-14.350000	-80.970000	57.130000	75.910000	-42.410000	-57.790000	92.290000	-63.440000	-1.850000	
19.550000	-96.630000	-16.670000	-14.550000	-15.590000	40.460000	20.760000	-52.510000	70.250000	50.470000	-48.630000	42.750000	67.860000	-22.990000	-1.910000	-43.610000	70.660000	8.350000	0.710000	-92.080000	-96.520000	-68.100000	-71.250000	-51.290000	-33.530000	23.320000	90.700000	73.740000	-77.740000	-24.820000	-73.260000	-73.790000	53.550000	88.450000	1.050000	-24.490000	-55.030000	20.990000	7.620000	-85.340000	-17.330000	45.630000	-29.280000	-70.160000	-58.610000	-50.160000	-11.290000	68.730000	22.430000	-30.950000	83.290000	-6.690000	473.867813	96.770000	-90.720000	-50.480000	43.850000	69.820000	-40.310000	8.630000	-58.320000	9.840000	20.370000	61.250000	
65.480000	74.450000	39.060000	37.200000	1.590000	99.700000	-4.070000	22.190000	-4.740000	75.910000	-30.110000	-31.470000	56.830000	91.150000	-46.360000	-30.330000	-517.447812	-26.230000	58.430000	-87.480000	67.960000	-21.270000	-10.810000	32.140000	-71.560000	-75.910000	-71.750000	-25.930000	-74.590000	-1.220000	-25.630000	-91.640000	17.410000	-76.750000	23.450000	-51.790000	-8.940000	11.840000	24.210000	-73.660000	-82.160000	-41.220000	68.180000	52.570000	-70.840000	-77.280000	57.230000	70.600000	75.970000	-36.030000	-47.960000	91.930000	-37.200000	-64.520000	-65.060000	72.780000	24.600000	96.140000	77.390000	-64.650000	-32.430000	61.770000	-26.800000	-19.790000	
48.300000	87.470000	-15.900000	10.720000	-18.030000	93.990000	22.270000	-42.210000	-66.430000	37.700000	14.350000	-83.170000	98.460000	19.840000	-8.790000	37.640000	-82.790000	2.570000	-72.950000	-86.080000	81.100000	-6.670000	53.830000	98.660000	82.490000	-64.940000	75.960000	-44.420000	-79.510000	92.570000	53.430000	-67.730000	628.933750	92.180000	31.560000	0.240000	58.270000	-92.030000	64.990000	2.700000	-3.770000	-8.420000	95.920000	85.770000	-65.090000	-27.230000	57.130000	94.380000	15.300000	91.470000	-49.910000	4.420000	-66.740000	-72.640000	-43.790000	35.970000	78.140000	28.730000	-64.520000	69.410000	11.890000	45.340000	72.970000	72.180000	
50.880000	-22.660000	54.290000	-25.570000	-91.510000	15.800000	57.840000	29.220000	32.610000	-31.680000	43.100000	-71.840000	56.640000	42.710000	-40.690000	-43.930000	12.790000	-15.340000	-87.450000	86.020000	34.930000	-4.010000	-86.550000	-22.820000	30.200000	8.880000	-18.710000	7.990000	15.470000	92.890000	-51.220000	-96.100000	-63.760000	98.260000	-48.550000	6.400000	-10.940000	-69.060000	-90.640000	59.250000	97.230000	-25.100000	-75.450000	-90.840000	86.570000	-69.850000	1.430000	598.026563	8.440000	71.900000	62.240000	93.470000	86.180000	58.830000	98.050000	47.460000	49.070000	-5.690000	21.330000	-10.170000	-97.120000	-49.180000	47.290000	95.560000	
90.980000	61.110000	-63.480000	-54.630000	-93.000000	91.810000	-58.260000	-8.650000	27.270000	-18.320000	94.290000	9.320000	-85.160000	64.890000	49.000000	-90.110000	-36.670000	95.100000	-62.400000	-531.373438	14.980000	38.710000	-30.580000	-23.560000	-3.760000	48.880000	-29.110000	-15.380000	89.280000	91.970000	10.170000	-58.060000	-39.490000	33.470000	82.260000	-51.880000	97.250000	26.770000	-34.590000	-21.360000	-42.960000	42.460000	-46.250000	77.540000	29.830000	-32.450000	71.450000	66.530000	90.380000	-15.190000	0.910000	31.750000	28.910000	-5.320000	-84.880000	-86.580000	88.700000	43.320000	-34.410000	-21.370000	-50.890000	54.370000	89.400000	63.630000	
37.680000	74.820000	68.160000	-45.600000	-39.390000	-87.160000	-13.750000	-14.520000	-95.040000	7.210000	-27.770000	70.760000	-51.920000	11.010000	-34.110000	67.190000	-61.860000	-81.280000	-62.360000	-67.210000	40.560000	-87.480000	-76.840000	-35.830000	-33.770000	-88.310000	12.820000	-0.390000	-16.380000	-12.160000	38.700000	-63.810000	63.580000	61.240000	-16.540000	-84.450000	84.300000	37.970000	-81.650000	-95.410000	-62.580000	42.730000	68.580000	-62.130000	97.330000	-77.130000	81.370000	-41.850000	44.920000	25.620000	84.490000	9.300000	78.380000	-1.530000	-60.030000	98.380000	61.680000	80.540000	33.030000	48.390000	-62.720000	27.730000	-3.510000	-520.432188	
58.230000	38.390000	66.870000	-90.240000	-34.150000	-48.560000	-45.270000	96.550000	-61.390000	79.150000	99.480000	64.830000	-88.920000	13.780000	-24.550000	33.440000	-9.260000	55.930000	6.370000	32.180000	-57.630000	-66.480000	-75.320000	-19.390000	60.590000	40.860000	85.170000	31.080000	18.560000	27.370000	75.630000	83.150000	47.270000	-8.540000	-96.490000	82.730000	16.650000	-568.790000	-84.780000	-47.780000	63.820000	98.360000	-13.030000	-38.580000	-4.790000	-29.240000	0.220000	-22.280000	21.580000	-42.020000	-56.100000	50.890000	90.710000	-70.960000	-6.400000	-43.920000	-54.910000	-32.430000	-43.650000	-1.600000	-20.420000	4.800000	64.910000	-3.130000	
-16.480000	-2.390000	-59.860000	4.820000	-13.230000	98.170000	-58.900000	-42.970000	38.520000	61.610000	12.660000	0.400000	32.390000	90.090000	-32.320000	-82.350000	-28.270000	-87.090000	-31.510000	-95.600000	1.360000	67.240000	3.660000	-2.370000	74.630000	-98.330000	80.260000	-7.600000	15.570000	4.450000	93.860000	39.400000	-53.200000	37.030000	17.070000	-51.830000	-28.320000	15.510000	15.960000	-3.540000	41.320000	59.960000	39.650000	-2.510000	-74.520000	-88.980000	96.660000	23.400000	-68.870000	11.360000	44.600000	60.500000	-86.880000	-59.290000	84.800000	-81.350000	75.840000	520.289375	4.570000	63.660000	-12.360000	-16.300000	-93.400000	-1.160000	
-47.760000	28.500000	72.340000	-17.500000	-94.150000	-86.310000	-74.460000	76.400000	66.940000	32.710000	-82.830000	-99.130000	-41.960000	-25.010000	-96.820000	-65.690000	94.520000	-34.850000	-19.910000	78.630000	-49.300000	80.070000	28.290000	94.230000	-13.580000	91.930000	-47.130000	55.250000	-35.330000	-92.220000	17.060000	-74.660000	-75.730000	-12.300000	-28.800000	32.590000	-16.300000	-92.060000	97.690000	65.730000	14.940000	28.320000	66.960000	-32.290000	82.600000	-77.770000	-64.520000	77.140000	-608.327500	99.600000	-52.580000	-14.170000	-56.810000	-12.530000	-96.740000	28.580000	-42.220000	41.410000	-48.570000	65.910000	-10.860000	51.910000	11.310000	-75.660000	
-59.380000	71.960000	-86.090000	95.920000	-52.190000	75.200000	-98.930000	58.410000	-73.070000	-96.190000	44.230000	-44.520000	81.330000	-76.290000	-55.890000	-91.560000	-91.700000	30.750000	1.030000	95.150000	-18.570000	-25.360000	87.960000	30.920000	91.460000	15.320000	51.540000	-9.030000	20.040000	-82.930000	81.370000	85.690000	-21.440000	7.140000	67.410000	-22.200000	-3.710000	73.580000	54.590000	26.430000	-648.092500	-32.380000	44.780000	-21.030000	2.990000	-54.850000	-71.090000	-21.290000	-82.160000	-53.650000	53.950000	80.160000	-32.780000	-83.470000	-54.150000	47.160000	70.840000	-58.640000	-16.810000	32.990000	96.420000	87.520000	-4.920000	-82.210000	
94.050000	85.980000	27.420000	-86.880000	-32.020000	36.820000	-2.710000	31.110000	36.580000	66.540000	-30.880000	79.230000	502.726875	-72.390000	63.380000	-97.080000	-11.020000	30.240000	-97.190000	92.010000	-66.210000	-27.780000	-24.150000	2.940000	-86.420000	52.090000	42.250000	90.950000	-19.900000	48.960000	-59.590000	-92.950000	-24.060000	9.230000	16.110000	34.780000	-32.990000	37.870000	-92.720000	-50.010000	-36.810000	-36.000000	49.910000	66.590000	-51.700000	26.080000	-69.850000	16.480000	90.190000	-44.590000	-69.870000	89.260000	43.780000	-15.100000	72.920000	45.700000	89.580000	-30.460000	66.580000	-32.720000	-17.020000	66.400000	-0.880000	55.170000	
-4.790000	-15.250000	-46.330000	-11.530000	21.410000	-48.590000	23.280000	-8.230000	85.680000	89.430000	-76.430000	-91.960000	26.070000	-33.660000	578.706875	-34.080000	49.130000	63.120000	-78.770000	-67.800000	-77.170000	-33.070000	84.860000	57.820000	88.510000	49.090000	-24.590000	74.550000	-11.040000	94.750000	-49.160000	66.940000	-91.980000	85.440000	65.540000	51.280000	76.020000	51.010000	-44.420000	-36.190000	10.280000	93.460000	-47.610000	-86.670000	18.930000	-57.700000	84.270000	-50.350000	21.220000	95.450000	4.940000	35.110000	-55.210000	13.710000	-35.290000	-76.140000	62.470000	32.660000	-17.540000	31.710000	72.050000	-58.530000	78.630000	87.360000	
-45.030000	95.770000	-96.300000	-85.060000	-22.930000	79.620000	-56.100000	-93.510000	-82.390000	-13.510000	-90.550000	-68.280000	-4.550000	97.680000	-27.170000	36.920000	-74.940000	-1.050000	37.740000	66.050000	-82.280000	-86.530000	2.220000	-72.170000	-93.180000	2.130000	-545.654688	25.760000	-5.190000	-16.840000	-32.130000	-45.140000	12.230000	99.930000	36.060000	91.660000	64.630000	-49.860000	-52.170000	-30.390000	-60.130000	-46.630000	-35.960000	-27.070000	80.150000	-58.280000	46.720000	31.510000	-58.040000	28.390000	-64.340000	-61.800000	33.480000	-57.160000	-87.090000	-59.570000	19.290000	-74.580000	-32.390000	-68.350000	-29.440000	-26.880000	-66.980000	84.710000	
-54.970000	-57.060000	73.070000	-94.080000	-68.340000	45.860000	-499.625938	72.000000	31.650000	-16.140000	62.050000	73.450000	24.520000	72.690000	-78.940000	-51.300000	-17.770000	53.650000	49.860000	0.500000	-12.830000	-81.170000	88.230000	-85.820000	-49.770000	10.820000	60.160000	36.280000	-82.780000	-90.070000	-6.410000	-43.030000	21.920000	97.350000	-82.050000	56.140000	59.150000	-7.940000	44.320000	18.270000	24.560000	60.690000	4.150000	-17.010000	-92.380000	-10.580000	96.640000	-99.520000	13.400000	54.310000	-66.200000	-68.870000	11.890000	-7.550000	-97.010000	-47.780000	46.520000	1.760000	95.610000	53.360000	-18.210000	-30.810000	47.210000	-39.680000	
93.440000	19.210000	-89.330000	41.230000	-46.140000	71.720000	-20.450000	-46.220000	-43.580000	84.710000	-93.110000	6.240000	5.490000	12.290000	-71.760000	68.710000	61.140000	-46.180000	-88.100000	66.610000	78.000000	4.700000	-9.950000	-76.860000	85.660000	32.300000	-44.310000	-29.360000	-87.400000	5.920000	82.900000	-74.300000	3.240000	-83.240000	83.140000	-55.760000	-18.050000	-92.610000	-79.700000	32.980000	-34.240000	-47.230000	535.113437	99.440000	-84.220000	6.870000	47.770000	-45.080000	60.730000	-22.780000	-25.620000	69.340000	76.750000	-7.440000	78.890000	71.810000	40.950000	34.450000	90.150000	-32.270000	27.270000	-4.540000	-29.160000	31.610000	
20.880000	-488.571250	48.450000	-16.650000	76.980000	60.610000	37.330000	-92.960000	-52.050000	42.610000	-13.880000	-20.470000	-14.840000	-23.180000	20.350000	11.900000	-25.980000	2.340000	53.120000	-53.150000	-19.800000	-72.430000	-76.000000	91.010000	19.180000	6.040000	-6.700000	-65.360000	-46.810000	-45.450000	30.290000	-17.500000	48.090000	-83.790000	31.660000	-86.630000	-64.070000	-72.820000	-99.200000	-1.670000	28.090000	24.130000	25.750000	89.650000	75.620000	90.490000	-33.170000	8.810000	-5.290000	-81.710000	55.140000	-74.250000	-57.020000	48.360000	-15.220000	86.490000	65.450000	1.750000	-99.560000	46.980000	94.900000	-79.390000	-9.020000	20.550000	
28.960000	-23.300000	62.060000	-69.540000	-5.460000	-17.700000	-78.990000	-86.410000	-47.790000	-520.700937	-42.390000	-22.470000	26.090000	65.990000	78.290000	-87.490000	-57.570000	-18.440000	19.690000	-71.130000	-93.130000	-72.490000	-60.380000	53.960000	-22.860000	-17.900000	69.460000	63.870000	-45.210000	91.190000	-0.890000	45.210000	14.600000	78.790000	-19.600000	41.680000	30.040000	49.570000	83.230000	-16.500000	29.840000	86.120000	73.230000	71.010000	55.640000	-21.930000	-9.570000	-67.820000	-65.090000	-39.680000	42.270000	-53.690000	7.560000	-36.910000	-7.340000	32.130000	27.910000	-0.960000	55.330000	69.470000	88.890000	34.280000	-23.490000	88.370000	
-12.050000	-43.970000	-60.410000	-94.190000	-72.050000	-69.980000	-25.510000	-543.065938	59.820000	9.280000	40.440000	-41.540000	53.790000	93.280000	-71.860000	92.760000	-17.670000	33.040000	-49.600000	-44.650000	-25.180000	-91.990000	-79.460000	71.130000	10.150000	-20.770000	90.740000	-52.210000	71.110000	-64.320000	57.230000	72.980000	50.450000	-19.690000	50.380000	84.120000	-87.660000	-43.780000	-43.740000	-60.940000	-57.700000	15.050000	-64.240000	17.860000	-70.930000	82.970000	13.740000	74.410000	7.720000	7.770000	-8.680000	74.200000	47.330000	-82.620000	-73.590000	-17.360000	-12.290000	-20.530000	-10.600000	26.640000	14.410000	97.590000	52.120000	93.280000	
-55.700000	-49.650000	-80.570000	38.690000	30.550000	-78.940000	75.570000	66.100000	-16.100000	-1.550000	-13.130000	-77.420000	-27.870000	98.240000	-35.760000	72.860000	-65.410000	67.120000	32.540000	67.270000	-35.310000	-74.550000	-22.940000	-75.520000	-75.780000	552.845937	-40.410000	-48.350000	-62.310000	-93.580000	86.120000	-67.520000	-9.710000	-86.390000	31.540000	21.560000	-87.430000	45.500000	81.180000	-42.650000	-21.740000	-72.410000	-24.930000	-42.420000	41.080000	-22.690000	-13.030000	9.550000	77.320000	-79.580000	22.560000	-5.660000	67.610000	38.010000	16.750000	66.690000	35.340000	71.100000	9.250000	34.970000	6.250000	68.040000	85.520000	94.400000	
74.010000	-17.550000	85.490000	55.440000	-61.620000	-13.570000	27.460000	-84.040000	37.860000	51.360000	72.240000	-50.160000	83.040000	95.230000	-45.250000	60.870000	-92.130000	76.550000	38.310000	-14.880000	-90.160000	-98.050000	35.580000	30.130000	83.320000	75.280000	73.160000	-62.610000	-39.320000	92.260000	-23.170000	-37.200000	35.510000	-26.660000	-29.460000	-68.080000	-0.500000	-29.120000	55.820000	22.670000	-16.150000	97.990000	-8.880000	-94.500000	-99.180000	-74.560000	-49.750000	53.350000	-4.720000	587.024063	4.220000	-40.910000	45.050000	47.340000	82.020000	-22.820000	59.660000	-32.450000	-22.310000	-31.290000	9.950000	-23.630000	72.570000	77.890000	
-26.690000	-65.420000	-56.690000	-21.790000	-50.320000	473.570625	75.840000	2.780000	-91.440000	-49.010000	-61.130000	41.970000	40.240000	-92.600000	-14.600000	81.770000	-21.510000	-26.050000	67.960000	33.090000	17.600000	25.990000	61.210000	65.830000	93.690000	5.340000	-8.700000	-76.250000	81.310000	-70.010000	-38.080000	-20.600000	42.640000	-21.080000	-67.550000	92.800000	-69.880000	-55.600000	-0.780000	-33.250000	26.650000	-20.820000	49.100000	-1.190000	-46.840000	-6.000000	82.180000	-62.160000	45.080000	-78.110000	-79.730000	21.370000	-26.240000	-29.970000	-36.970000	-50.280000	18.800000	59.380000	32.580000	-90.380000	69.850000	80.290000	55.470000	-59.540000	
28.410000	91.890000	-79.670000	95.940000	71.700000	-88.470000	40.240000	5.960000	-98.930000	65.840000	74.700000	-0.890000	21.890000	-470.141875	-18.500000	86.310000	-98.490000	13.620000	80.670000	-41.900000	93.310000	78.560000	-64.680000	-47.160000	0.540000	67.940000	-17.890000	-3.500000	48.800000	-1.090000	-57.990000	-90.960000	-70.940000	-2.660000	35.800000	73.260000	-65.140000	16.960000	-16.050000	5.940000	-64.510000	45.120000	63.960000	13.630000	-56.160000	-27.930000	-6.120000	-56.060000	78.680000	43.970000	61.810000	10.200000	0.660000	-2.270000	34.960000	-43.350000	79.180000	-1.710000	-24.000000	58.520000	15.540000	36.250000	-8.300000	80.220000	
-72.260000	-74.950000	-72.080000	-52.890000	-10.210000	-92.400000	75.600000	-62.220000	-74.750000	89.570000	-88.470000	8.350000	-32.430000	-69.250000	87.150000	-67.380000	-92.490000	43.130000	-56.260000	97.880000	60.100000	41.790000	44.490000	-30.310000	-11.620000	-43.120000	-85.480000	-2.190000	-2.540000	-91.150000	86.610000	-51.230000	-86.600000	-30.360000	17.850000	-16.110000	-15.020000	-9.890000	41.150000	13.910000	-52.260000	24.690000	7.490000	98.680000	2.560000	-66.120000	-9.770000	-30.070000	-85.050000	68.690000	67.760000	14.270000	-78.020000	56.020000	529.711875	42.990000	-32.140000	-9.830000	17.190000	10.520000	56.140000	-42.390000	95.590000	51.020000	
76.590000	70.950000	50.850000	-56.830000	17.010000	3.360000	-74.840000	76.380000	-36.350000	61.620000	-58.630000	-23.790000	-49.820000	34.450000	-99.480000	-30.290000	98.230000	-8.590000	39.770000	28.830000	60.530000	-495.486250	-80.290000	-53.320000	22.730000	36.530000	-61.240000	-82.530000	82.910000	4.810000	-6.060000	-82.270000	-82.500000	-13.210000	-1.310000	73.770000	-98.390000	66.610000	-4.060000	-36.770000	-12.380000	26.280000	17.570000	14.590000	-32.620000	29.440000	96.480000	-37.870000	-88.070000	13.510000	3.450000	90.960000	-40.350000	72.940000	92.620000	87.710000	-59.130000	-64.570000	-24.760000	7.220000	-42.080000	-23.370000	-1.430000	3.010000	
25.490000	4.740000	-62.020000	65.170000	-86.440000	-82.680000	5.370000	-69.980000	70.800000	-18.300000	13.960000	-90.610000	-66.270000	-41.900000	39.200000	95.940000	56.330000	19.530000	15.760000	85.970000	-13.020000	79.920000	7.490000	-50.740000	564.676250	27.690000	72.510000	-63.190000	63.140000	-13.900000	-60.800000	-4.520000	52.030000	42.270000	79.620000	53.370000	56.380000	34.350000	28.970000	-0.280000	14.340000	-52.250000	24.370000	16.190000	65.010000	-75.700000	-76.730000	92.760000	-38.440000	92.560000	-31.910000	-46.990000	-19.420000	-2.450000	-37.890000	63.660000	16.140000	75.030000	43.180000	-48.080000	19.720000	-70.190000	-30.800000	9.310000	
-65.680000	6.020000	-62.140000	-16.740000	-72.240000	79.520000	-60.620000	58.030000	546.391875	-68.290000	-25.000000	-36.950000	-68.610000	44.320000	43.960000	46.670000	-37.810000	-53.030000	94.300000	-71.500000	-95.640000	-90.770000	-85.780000	27.920000	-9.640000	-40.740000	15.430000	-2.970000	79.010000	-23.120000	10.570000	16.720000	-93.950000	97.050000	-19.700000	-74.230000	88.350000	-65.370000	31.240000	17.820000	-8.050000	43.470000	29.480000	88.590000	-53.460000	1.360000	-48.730000	-47.330000	-60.130000	-12.040000	11.990000	50.330000	-56.460000	22.860000	-84.180000	-63.300000	73.630000	-45.840000	8.770000	59.910000	32.060000	-28.800000	-51.740000	-52.820000	
41.890000	-34.440000	-54.150000	-42.330000	82.110000	84.740000	84.050000	7.990000	92.190000	47.120000	36.910000	46.010000	-28.280000	-84.620000	-34.170000	5.350000	92.440000	-55.430000	-91.750000	-93.820000	82.870000	36.270000	-2.900000	49.170000	24.640000	54.300000	33.870000	3.850000	94.940000	-57.160000	73.440000	11.580000	65.210000	-79.150000	621.464062	-64.860000	30.360000	-93.470000	-16.160000	-77.940000	-41.250000	80.350000	-47.800000	87.410000	37.550000	-79.800000	33.580000	81.890000	46.570000	15.000000	29.940000	70.860000	-22.870000	29.550000	-82.890000	-49.440000	85.550000	63.710000	-23.290000	22.350000	-71.460000	37.450000	-45.910000	-68.490000	
-33.660000	87.150000	-535.981875	-53.300000	89.350000	27.190000	-78.670000	62.290000	30.740000	-60.640000	-68.960000	-73.600000	-91.440000	17.770000	-24.480000	-92.040000	-38.130000	28.790000	57.280000	22.750000	57.360000	75.410000	10.870000	-80.230000	-99.510000	-65.840000	-34.360000	-86.150000	-6.820000	-67.880000	47.290000	47.660000	-11.140000	15.850000	16.410000	-96.810000	-0.330000	31.220000	6.640000	66.420000	1.540000	-9.840000	-56.840000	-96.860000	58.720000	1.410000	63.200000	-29.410000	90.400000	23.770000	-15.450000	-13.090000	40.770000	-97.900000	-79.780000	79.030000	-59.890000	-29.160000	-84.040000	-67.590000	75.380000	40.850000	-27.370000	-53.170000	
58.530000	97.000000	15.990000	-34.610000	-44.010000	95.760000	70.360000	-23.580000	34.470000	50.010000	-30.490000	12.940000	-11.990000	-54.120000	-95.300000	49.550000	25.880000	45.040000	-56.130000	80.920000	53.520000	35.130000	-39.970000	-94.530000	-96.310000	28.550000	-9.600000	-82.710000	-58.970000	17.530000	-550.130313	-74.860000	-54.010000	-73.150000	89.460000	86.320000	-58.090000	-17.350000	-90.710000	-5.880000	-43.650000	-62.910000	-92.130000	-52.420000	41.140000	-3.830000	33.290000	-7.170000	57.740000	32.120000	32.600000	-96.340000	57.750000	77.240000	-64.760000	-94.300000	-29.840000	92.650000	-22.470000	-23.860000	-16.270000	-47.030000	-32.180000	61.440000	
-43.940000	8.490000	25.660000	-19.490000	92.930000	-7.500000	24.400000	-69.950000	-69.760000	-45.620000	68.790000	-533.121875	73.370000	91.960000	-27.840000	17.060000	-65.210000	17.510000	-59.840000	-34.390000	76.540000	95.320000	92.470000	1.630000	-37.800000	-19.380000	-18.270000	-59.590000	-98.820000	-87.330000	16.260000	-3.310000	-24.660000	-13.240000	-99.250000	89.350000	-61.410000	-42.120000	-90.560000	-4.790000	42.210000	56.800000	16.930000	72.320000	3.580000	-93.970000	-38.560000	35.850000	59.830000	-43.050000	82.390000	-37.750000	76.830000	-92.710000	32.490000	38.790000	-36.360000	91.220000	27.600000	-90.810000	53.410000	21.050000	-77.600000	-83.160000	
-54.070000	14.510000	-49.530000	6.130000	-98.550000	-89.810000	-65.810000	25.050000	-20.890000	19.080000	83.120000	-66.710000	23.590000	31.240000	28.190000	-68.560000	1.850000	-47.160000	28.330000	26.200000	493.085625	2.660000	-99.760000	67.650000	59.280000	-73.420000	-45.630000	8.520000	-77.440000	15.800000	-67.480000	73.810000	49.180000	5.410000	17.500000	40.120000	1.460000	-63.220000	2.920000	-43.550000	-7.530000	84.260000	99.150000	63.150000	-59.360000	52.610000	-10.590000	87.000000	3.450000	71.440000	-54.100000	-61.100000	-17.850000	30.900000	20.510000	90.760000	-15.800000	10.840000	-75.050000	-26.680000	-91.690000	-26.960000	-16.030000	-6.750000	
25.260000	50.380000	11.010000	-79.820000	87.820000	-45.650000	40.940000	-5.100000	-34.100000	67.930000	49.660000	-58.380000	-11.550000	-10.400000	-11.460000	-72.330000	96.110000	-597.832500	32.110000	-38.840000	-65.500000	57.670000	48.910000	-54.320000	-66.280000	-50.420000	12.840000	44.810000	54.150000	-82.810000	-95.910000	30.540000	51.420000	18.780000	-48.100000	98.030000	-97.670000	3.120000	-65.290000	31.870000	38.990000	81.000000	-87.440000	36.020000	78.740000	3.710000	45.570000	-13.910000	21.730000	23.760000	1.730000	-82.310000	95.540000	21.070000	61.830000	85.680000	-87.920000	33.980000	-48.980000	11.830000	-80.760000	62.430000	-58.100000	64.870000	
63.890000	-46.920000	-52.370000	-89.850000	-7.840000	57.340000	38.630000	-22.850000	86.420000	-61.390000	-87.090000	-9.360000	-25.010000	87.490000	-69.480000	-29.170000	54.870000	81.400000	1.440000	11.660000	76.430000	-64.340000	-40.230000	-64.650000	-39.090000	60.870000	17.150000	48.010000	38.940000	-19.250000	29.770000	-56.810000	-90.640000	76.250000	49.640000	40.290000	-85.510000	57.420000	45.430000	-5.980000	-59.010000	70.540000	51.580000	74.330000	-65.110000	-11.440000	83.270000	-16.390000	13.660000	-16.790000	-92.890000	-618.023125	84.950000	-98.370000	50.150000	74.670000	28.530000	-48.010000	50.620000	-77.340000	77.160000	-10.590000	99.740000	-79.150000	
-56.420000	-77.750000	59.760000	-531.108750	76.470000	11.910000	18.130000	-58.900000	40.810000	-32.390000	-30.030000	98.240000	-79.420000	65.140000	12.910000	-24.660000	-81.560000	-27.860000	42.170000	-39.240000	-54.340000	-91.340000	-36.250000	-7.110000	-78.340000	30.140000	-83.620000	70.050000	69.690000	-29.630000	-74.460000	-20.900000	-89.680000	29.470000	-20.560000	-32.080000	82.040000	-49.430000	-20.000000	-0.290000	32.960000	72.770000	-57.920000	16.440000	53.530000	-35.270000	-31.280000	0.060000	30.730000	78.560000	0.860000	62.340000	10.510000	-83.400000	-95.820000	89.370000	84.450000	82.610000	51.110000	-80.770000	-62.230000	3.280000	22.580000	-91.840000	
34.230000	-6.970000	86.940000	85.570000	-55.810000	87.450000	29.350000	-66.100000	89.710000	76.550000	-41.790000	24.260000	46.450000	-50.230000	32.540000	-23.670000	86.720000	2.630000	66.120000	-55.020000	57.410000	-91.790000	16.940000	-34.220000	-28.200000	-59.800000	9.620000	12.120000	-73.070000	-48.330000	-33.710000	52.240000	48.020000	16.860000	-90.260000	-1.810000	88.910000	-4.980000	-1.780000	-31.360000	59.000000	520.941250	-61.090000	11.520000	-67.340000	-1.430000	-11.760000	81.630000	62.860000	66.270000	-4.030000	-88.460000	-83.220000	-51.230000	62.210000	-31.040000	-68.950000	4.510000	89.690000	51.880000	-52.330000	66.640000	75.270000	10.150000	

-28.910000
77.260000
-86.140000
47.470000
-10.810000
39.510000
89.970000
58.790000
-87.610000
-80.480000
96.260000
90.060000
-48.950000
63.010000
-22.860000
-83.310000
-93.570000
-18.670000
58.100000
61.790000
80.550000
93.900000
-64.260000
-5.420000
97.360000
30.900000
32.840000
-76.760000
-71.870000
-65.880000
-56.320000
-73.540000
-36.800000
-56.640000
58.350000
90.870000
-46.780000
-9.420000
64.500000
26.440000
-27.780000
-55.480000
41.830000
-42.420000
35.530000
-35.480000
-21.010000
68.790000
-1.240000
16.250000
70.910000
62.020000
-82.450000
-92.270000
-76.850000
8.810000
-3.100000
65.270000
-23.570000
85.690000
-79.520000
-77.990000
93.720000
-85.390000
